%YAML:1.0
# General sensor definitions.
camera_id: left_cam

# Sensor extrinsics wrt. the body-frame.
T_BS:
  cols: 4
  rows: 4
  data: [0.000849008, -0.999944274, -0.010522778, 0.001801563,
         0.999937662, 0.000731755, 0.011141627, -0.042587783,
        -0.011133306, -0.010531582, 0.999882561, 0.026587777,
         0.000000000, 0.000000000, 0.000000000, 1.000000000]

# Camera specific definitions.
rate_hz: 20
resolution: [752, 480]
camera_model: pinhole
intrinsics: [365.791,365.396,395.442,251.729] #fu, fv, cu, cv
distortion_model: equidistant
distortion_coefficients: [-0.022520039,-0.008515824,0.011157318,-0.006467303]
