%YAML:1.0
# General sensor definitions.
camera_id: right_cam

# Sensor extrinsics wrt. the body-frame.
T_BS:
  cols: 4
  rows: 4
  data: [-0.001028319, -0.999970865, -0.007563868, 0.002157597,
          0.999947360, -0.001105454, 0.010200720, 0.076532365,
         -0.010208784, -0.007552981, 0.999919363, 0.025673140,
          0.000000000, 0.000000000, 0.000000000, 1.000000000]

# Camera specific definitions.
rate_hz: 20
resolution: [752, 480]
camera_model: pinhole
intrinsics: [366.845,366.261,390.195,256.602] #fu, fv, cu, cv
distortion_model: equidistant
distortion_coefficients: [-0.018005025,-0.013159767,0.014297214,-0.007286674]
